3.1126127005056285
3.1171460007967866
3.1189143077590264
3.120179228242453
3.1209389196617963
3.1219527052723133
3.12398324383188
3.125763218963633
3.127036494188124
3.127546240135628
3.127546240135628
3.127546240135628
3.1285664803324393
3.1290769749887426
3.130354305725289
3.130354305725289
3.130865676194391
3.1313772973557756
3.1313772973557756
3.1316332020100957
3.1321451995941607
3.1321451995941607
3.1324012925752185
3.133426293025616
3.133682700398331
3.135222467603063
3.135479316206091
3.1359932028466324
3.136507342239028
3.1367645067819305
3.137021734590537
3.137021734590537
3.137279025690793
3.1377937978701027
3.138051279001121
3.1383088235277152
3.1383088235277152
3.1388241028717223
3.1388241028717223
3.139081837741219
3.139081837741219
3.139597498005517
3.139855423452492
3.140113412477491
3.140113412477491
3.140629581366073
3.140629581366073
3.1408877612819492
3.141146004880435
3.1416626832299914
3.1419211180334745
3.1421796166243956
3.1421796166243956
3.142438179028999
3.1429554953843066
3.1432142493875763
3.1432142493875763
3.1432142493875763
3.143473067309657
3.143473067309657
3.1447681166239843
3.1447681166239843
3.1447681166239843
3.145027318612195
3.145027318612195
3.1452865847037783
3.1452865847037783
3.1452865847037783
3.145545914925162
3.1460647678631117
3.146583877637763
3.146843528905081
3.1476228685452723
3.148402787500511
3.148923055666915
3.1502248553238594
3.1515282708520647
3.1517891481565017
3.1520500902563944
3.1520500902563944
3.152833305597158
3.1530945071473018
3.153617105063735
3.154139962914474
3.154139962914474
3.1546630809150717
3.15518645928133
3.1562339979752925
3.156758158735856
3.158332209274327
3.159382885354381
3.159382885354381
3.1596457182557427
3.160171580907009
3.1612240943686336
3.1614873870933957
3.16201416996585
3.162541216251695
3.175536744149779
3.176070582389097
